[
["SMT1", 100, -0.17100, 0.13591],
["SMT1", 50, -0.19874, 0.07124],
["SMT1", 10, 2.65964, 0.11390],
["SMT2", 100, -0.29184, 0.13589],
["SMT2", 50, -0.20287, 0.09247],
["SMT2", 10, 1.02167, 0.39363],
["SMT6", 100, 0.73728, 0.06039],
["SMT6", 50, 0.50060, 0.23822],
["SMT6", 10, 0.68120, 0.84517],
["SMT8", 100, -3.24980, 1.04268],
["SMT8", 50, -5.37560, 1.22127],
["SMT8", 10, -14.16000, 4.64358],
["SMT9", 100, -0.66183, 0.07354],
["SMT9", 50, -1.09303, 0.29071],
["SMT9", 10, 1.14240, 0.36158],
["SMT10", 100, -0.45946, 0.16724],
["SMT10", 50, -0.77896, 0.09571],
["SMT10", 10, 0.77740, 0.33120],
["SMT11", 100, -0.35116, 0.07441],
["SMT11", 50, -0.56396, 0.03126],
["SMT11", 10, 0.43844, 0.54280],
["SMT12", 100, 0.17270, 0.07496],
["SMT12", 50, -0.20334, 0.14482],
["SMT12", 10, 0.18970, 0.61840],
["SMT13", 100, -0.52525, 0.08054],
["SMT13", 50, -0.96948, 0.18487],
["SMT13", 10, 1.03210, 0.62480],
["SMT14", 100, -0.06496, 0.14255],
["SMT14", 50, -0.43600, 0.32765],
["SMT14", 10, 1.10230, 0.80168],
]
