[
["SMT1", 10000, 0.01111, -0.08168],
["SMT1", 5000, 0.04616, -0.17723],
["SMT1", 1000, 0.14160, 1.71886],
["SMT2", 5000, 0.04726, 0.47911],
["SMT2", 2500, 0.07400, -0.43738],
["SMT2", 500, 0.23824, -3.83164],
["SMT3", 1000, 0.02585, 0.44279],
["SMT3", 500, 0.05074, -0.23978],
["SMT3", 100, 0.30265, -1.68038],
["SMT4", 300, 0.08021, 0.66443],
["SMT4", 150, 0.12147, -1.00021],
["SMT4", 30, 2.82982, -7.48487],
["SMT5", 200, 0.13686, 0.44038],
["SMT5", 100, 0.28663, -0.16354],
["SMT5", 20, 4.27017, -4.92670],
["SMT6", 100, 0.08020, 1.39142],
["SMT6", 50, 0.36561, 0.18756],
["SMT6", 10, 10.28061, -2.68960],
["SMT7", 20, 1.03137, -5.10730],
["SMT7", 10, 3.05676, -9.15020],
["SMT7", 2, 0.00000, -100.00000],
["SMT8", 10, 1.44960, -11.99920],
["SMT8", 5, 0.00000, -100.00000],
["SMT8", 1, 0.00000, -100.00000],
]
