[
["SMT1", 100, -0.04258, 0.04863],
["SMT1", 50, -0.62112, 0.06648],
["SMT1", 10, -2.29599, 0.34623],
["SMT2", 100, 0.91365, 0.09938],
["SMT2", 50, 0.45336, 0.12576],
["SMT2", 10, 0.20499, 0.17137],
["SMT3", 100, 0.37206, 0.05400],
["SMT3", 50, -0.22822, 0.07949],
["SMT3", 10, -0.07298, 0.46604],
["SMT4", 100, -0.10641, 0.26099],
["SMT4", 50, -1.18409, 1.95994],
["SMT4", 10, -6.57913, 7.61363],
["SMT5", 100, 0.76235, 0.13814],
["SMT5", 50, -0.00480, 0.07916],
["SMT5", 10, -3.56070, 0.84284],
["SMT6", 100, 0.89572, 0.22584],
["SMT6", 50, -0.37784, 0.20152],
["SMT6", 10, -7.00040, 9.55867],
]
